00000032	2017-01-20 11:36:42,9309762	+0,0023609	UP	0x00000000	URB_FUNCTION_CONTROL_TRANSFER

03 00 00 00 00 00 00 00 AA 00 02 00 80 82 BB BB    ........ª...€‚»»
00 00 00 00 00 00 00 00 00 00 00 00 00 00 00 00   ................
00 00 00 00 00 00 00 00 00 00 00 00 00 00 00 00   ................
00 00 00 00 00 00 00 00 00 00 00 00 00 00 00 00   ................
00 00 00 00 00 00 00 00 00 00 00 00 00 00 00 00   ................
00 00 00 00 00 00 00 00 00 00 00 00 00 00 00 00   ................
00 00 00 00 00 00 00 00 00 00 00 00 00 00 00 00   ................
00 00 00 00 00 00 00 00 00 00 00 00 00 00 00 00   ................
00 00 00 00 00 00 00 00 00 00 00 00 00 00 00 00   ................
00 00 00 00 00 00 00 00 00 00 00 00 00 00 00 00   ................
00 00 00 00 00 00 00 00 00 00 00 00 00 00 00 00   ................
00 00 00 00 00 00 00 00 00 00 00 00 00 00 00 00   ................
00 00 00 00 00 00 00 00 00 00 00 00 00 00 00 00   ................
00 00 00 00 00 00 00 00 00 00 00 00 00 00 00 00   ................
00 00 00 00 00 00 00 00 00 00 00 00 00 00 00 00   ................
00 00 00 00 00 00 00 00 00 00 00 00 00 00 00 00   ................

00000032	2017-01-20 11:36:42,9309762	+0,0023609	UP	0x00000000	URB_FUNCTION_CONTROL_TRANSFER

Setup Packet
 21 09 01 03 00 00 00 01                           !.......
Recipient: Interface
Request Type: Class
Direction: Host->Device
Request: 0x9 (Unknown)
Value: 0x301
Index: 0x0
Length: 0x100

